%YAML:1.0
# calculated extrinsic Matrix of input image for test
extrinsicMatrix: !!opencv-matrix
   rows: 3
   cols: 4
   dt: f
   data: [503.941932339908,118.085942638252,8.06973766667332,158431.711937862,16.4582457780299,179.710463667756,-485.180540705709,141616.165506840,0.0835271695546185,0.995626810060849,0.0418385830813235,809.815726578722]