%YAML:1.0
# facial feature point detected in input image (just for test)
facialFeaturePoint: !!opencv-matrix
   rows: 49
   cols: 2
   dt: f
   data: [168.37146,130.16231,176.5083,129.45667,184.45398,131.14912,191.61346,133.18173,198.35126,135.88077,216.64844,134.49539,221.96793,132.42435,227.35556,130.74057,233.258,129.30713,239.41179,130.12273,208.82248,140.94389,210.46445,149.3075,211.95811,157.70355,213.30255,166.20233,197.90607,170.98959,204.52997,173.52286,211.83658,174.83069,216.85751,173.54343,221.30455,171.10268,174.78815,142.90129,180.67853,141.57053,187.05582,141.617,191.91983,143.43613,186.35339,144.47327,180.44705,144.54059,217.89557,142.58823,223.30064,140.68066,229.60941,140.81714,234.97939,143.00777,229.88396,143.98828,223.83194,143.74844,182.20935,185.49318,190.05634,180.92296,199.91772,179.84517,209.16241,180.79552,215.83176,180.15324,222.01828,181.18803,226.65286,185.22455,223.01099,194.84357,216.42622,201.92967,206.71686,204.02162,195.86269,201.85556,187.4185,195.15013,195.88486,183.57043,208.31128,184.06674,217.4205,183.82549,217.8656,194.48221,207.3927,197.17383,194.2406,194.92339]