%YAML:1.0
width:  320
height: 320
refUFile: "refU.txt"
refURows: 102400
refUCols: 3
refXY: !!opencv-matrix
   rows: 49
   cols: 2
   dt: "f"
   data: [109.7365952,115.8851547,117.585701,110.8398132,127.8898621,110.0792923,137.8934937,110.5729599,147.7483978,113.332695,173.720932,112.1959,184.4673615,109.0394211,195.5401764,108.2654266,206.2992554,109.8522644,214.4782104,116.6021042,161.9249268,125.9964905,161.4693451,138.6013641,161.1615601,150.8859863,161.2645569,163.5360718,150.4766998,173.6735229,155.7660217,176.0691986,161.9886169,177.1124573,168.1548004,176.3821106,174.1511536,174.6470642,125.4865341,130.1312561,131.114563,124.7741852,138.9476013,124.4113541,144.8603668,130.2280273,138.4181519,132.2924957,131.6833954,132.1276398,178.2443237,130.5578003,184.9634094,125.5698242,192.8355713,125.2144699,199.9768372,131.114502,192.6046906,133.1011505,185.3194885,132.5821075,138.8685913,195.9920044,144.9897003,190.948288,153.2016754,188.8756409,161.6029663,191.1163788,170.1511383,189.280304,178.0612183,193.1295929,184.1129303,199.3013916,178.2834015,204.1846619,170.4006195,207.3748932,161.4348755,207.7410278,152.7237854,206.1211395,145.3255615,201.7760773,152.5141144,195.8942108,161.9247742,197.1711731,170.8932343,197.4502563,171.0696259,197.1178284,161.7276611,197.2687683,152.252182,195.7824249]
threedee: !!opencv-matrix
   rows: 49
   cols: 3
   dt: "f"
   data: [-55.42033386,-82.67904663,61.11323929,-45.56922531,-98.42118835,64.81201172,-34.78852844,-105.9593811,65.05863953,-24.44763374,-110.6387177,63.57116699,-14.3771553,-112.2763596,61.40605164,11.63015842,-111.4056396,62.49211121,21.70399094,-110.074791,65.63617706,34.15935135,-104.3227386,67.2592926,45.2833252,-93.72779083,66.32575989,56.06071472,-70.6840744,61.12577438,-0.3818820119,-110.4471664,48.54393387,-1.384994507,-119.8051071,35.085289,-1.384994507,-126.5091019,23.13986397,-1.384994507,-137.019577,10.58758545,-12.34908581,-113.5865936,0.4774355292,-6.316779613,-118.6960068,-1.360358119,-0.3991972804,-118.9716034,-2.337758303,5.562378407,-115.6807251,-1.452229977,11.60267067,-112.4466019,-0.5517185926,-39.01011276,-89.75563049,45.83440399,-32.44721985,-94.54811096,50.70966721,-24.16884041,-94.43888855,51.75328064,-18.02840424,-92.18225098,45.68160248,-25.21068382,-94.3058548,43.47608566,-31.36531639,-95.33740234,43.41532135,16.36264992,-90.32823944,44.75436783,23.37151146,-96.46141052,49.53823471,31.65464592,-95.9850235,50.60459137,39.55066681,-87.54508972,44.92396927,31.72645569,-94.88024139,42.40751648,23.43865776,-95.08405304,42.39592361,-23.74625587,-103.8953094,-22.13973618,-17.3444252,-113.2277451,-16.48893547,-9.289386749,-117.8630142,-14.23037624,-0.3994419873,-119.0920792,-16.13157845,7.5184865,-117.25914,-14.26472187,15.58408165,-112.8749924,-18.50679398,21.95779037,-104.6422577,-25.13134384,15.5699234,-113.2850189,-29.4509716,7.546066284,-115.7505112,-32.21264648,-1.384994507,-110.1305695,-33.74151611,-9.361989975,-113.3951263,-31.43560219,-17.44602585,-110.1015625,-27.7213974,-9.358950615,-113.5821915,-21.45105934,-0.3885091543,-113.7097549,-22.43847466,8.607043266,-112.3714447,-22.53634071,8.607043266,-112.3714447,-22.53634071,-0.3885091543,-113.7097549,-22.43847466,-10.35987949,-113.3532944,-21.46733284]
outA: !!opencv-matrix
   rows: 3
   cols: 3
   dt: "f"
   data: [492.30771036, 0, 160, 0, 492.307710365, 160, 0, 0, 1]